50
500
20
45 2
9 2
20 2
50 1
35 1
8 2
7 2
8 2
44 2
1 1
40 2
14 1
16 2
49 2
11 1
45 1
37 1
29 1
5 2
48 2
42 2
2 1
26 2
49 2
47 1
46 1
7 1
6 2
10 2
35 1
6 2
23 1
16 2
35 2
24 1
35 2
9 2
11 1
36 1
28 2
15 1
40 2
35 1
9 1
7 2
17 1
43 2
40 1
6 1
9 1
21 1
14 1
29 2
18 2
20 2
47 2
23 1
27 2
2 1
5 1
24 1
41 1
31 1
5 2
1 2
50 1
49 2
31 2
35 2
46 2
30 1
25 1
41 1
2 2
35 2
5 2
28 2
12 2
30 1
22 2
13 1
7 1
23 1
48 1
10 1
33 2
31 2
4 2
7 2
32 2
47 2
9 2
48 1
47 2
47 1
20 2
14 1
17 1
22 2
24 1
43 2
4 2
28 2
8 2
38 1
3 1
8 1
30 2
18 2
46 1
22 1
35 2
11 2
35 1
28 2
30 1
12 1
9 2
7 2
19 1
36 1
45 2
21 2
14 1
45 1
39 2
24 2
1 1
49 1
30 1
25 2
39 1
1 1
37 2
14 1
2 1
36 2
13 2
21 2
43 2
37 1
32 2
2 1
35 2
33 2
8 2
1 2
21 2
3 1
4 1
42 2
17 1
5 2
24 1
30 2
42 1
30 2
31 2
20 2
42 2
39 2
15 1
46 2
25 2
27 1
11 2
44 1
11 2
33 2
29 2
49 1
10 2
19 2
18 2
11 1
34 1
13 1
7 1
35 1
6 1
44 1
40 1
40 1
32 2
42 2
28 1
21 1
13 1
31 1
18 2
44 2
44 2
5 2
14 1
8 2
37 1
4 1
18 2
17 2
27 1
8 2
37 1
11 1
23 2
14 2
28 2
45 2
3 2
5 1
22 2
49 2
40 2
3 2
48 1
12 1
22 1
47 1
24 2
14 1
12 2
30 1
13 1
24 2
50 1
21 1
33 2
29 1
16 2
27 2
37 2
29 2
34 1
12 1
16 1
48 2
38 2
44 1
2 2
36 2
50 2
13 1
49 1
26 1
5 1
25 2
3 2
5 1
37 2
26 1
43 2
21 1
46 2
10 1
29 1
26 2
38 1
12 2
2 1
21 2
36 2
47 1
45 2
11 2
25 2
22 1
35 2
45 2
29 2
11 2
3 2
40 1
25 2
37 2
8 1
18 1
4 2
44 2
1 1
21 1
46 2
16 2
27 2
40 2
29 1
33 1
17 2
40 1
4 1
29 2
43 1
1 2
23 1
42 1
30 2
13 1
12 2
11 2
8 1
20 1
40 2
9 2
4 2
14 1
26 1
26 2
25 1
21 2
21 2
40 2
17 1
24 1
49 2
12 2
35 2
7 1
19 1
34 2
13 2
22 2
46 1
43 2
7 1
3 1
36 1
4 1
2 2
10 1
44 1
9 2
2 1
31 2
41 2
18 1
16 2
45 2
32 1
12 2
10 1
45 2
38 1
15 2
2 2
28 2
46 1
16 1
30 1
34 2
7 2
20 1
3 1
34 1
18 1
47 2
2 2
29 1
30 1
31 2
41 1
16 2
24 2
35 2
14 2
6 1
4 1
22 2
29 1
47 2
2 2
50 1
6 2
50 1
16 2
42 1
26 1
32 1
17 1
15 1
44 1
15 1
14 2
31 2
13 2
33 1
10 1
28 1
49 2
5 1
13 2
47 2
6 1
14 1
4 2
16 2
20 2
39 1
31 2
3 2
24 2
5 2
40 2
9 1
47 1
40 2
21 2
39 2
17 2
31 2
25 2
1 2
4 1
38 1
2 1
35 1
30 1
43 2
2 2
9 1
46 1
37 2
47 2
27 1
40 2
14 1
47 1
14 2
18 1
8 2
20 1
37 1
5 1
16 1
46 2
19 2
3 2
40 1
50 2
31 2
43 1
50 1
7 1
31 2
4 2
47 2
9 2
40 2
12 2
10 2
7 2
46 1
48 2
20 1
34 2
17 1
11 1
19 1
7 1
45 1
5 1
31 2
19 1
10 2
40 2
33 1
25 1
29 1
25 2
27 2
18 2
12 1
40 2
24 1
16 2
41 2
19 2
25 1
12 1
21 2
15 1
16 2
25 1
40 2
26 2
43 1
27 1
6 2
32 1
24 2
45 2
25 2
44 2
6 1
14 1
47 1
12 1
12 1
30 2
11 2
45 2
9 2
38 1
